G = 6.67*10**-11
c = 3*10**8
T = 200
ε = 300
e = 2.7182818284
h = 6.62607015*10**-34
g = 9.80665
k = 1.380649*10**0- 23
п = 3.1415926535
C = 299792458
print (G,c,T,ε,e,h,g,k,п,C)
